10,290
10,70
10,32
10,146
10,170
10,166
10,2
9,7
9,6
9,1
9,4
9,2
9,3
8,10
8,15
8,13
8,7
34,3
34,2
34,1
34,0
32,4
32,3
32,2
32,1
32,0
31,4
31,3
31,2
31,1
31,0
24,3
24,2
24,1
24,0
20,3
20,2
20,1
19,2
19,3
19,1
12,3
12,2
12,1
11,29
11,28
11,27
11,26
11,25
11,24
11,23
11,22
11,20
11,18
11,17
11,16
11,15
11,14
11,13
11,12
11,10
11,9
11,8
11,7
11,6
11,4
11,3
11,2
11,1
10,306
10,305
10,302
10,300
10,298
10,288
10,287
10,282
10,276
10,272
10,271
18,1
10,250
18,3
10,246
10,244
10,234
10,219
10,216
10,209
14,1
10,204
14,3
